10 3
0 19 16 18 15 16 17 31 36 33 35 16 18 21 20 20 19 38 39 39 40
19 0 4 3 4 5 10 24 28 28 31 3 7 2 10 7 5 26 29 32 30
16 4 0 2 1 2 7 22 26 26 28 3 4 5 8 6 4 25 28 30 29
18 3 2 0 3 3 7 21 25 25 28 4 4 4 7 4 2 24 26 30 28
15 4 1 3 0 2 7 22 27 26 29 3 5 6 8 6 4 26 28 31 30
16 5 2 3 2 0 5 20 24 24 27 5 3 6 6 4 3 24 26 29 28
17 10 7 7 7 5 0 16 21 19 22 10 4 11 3 5 6 21 23 24 24
31 24 22 21 22 20 16 0 5 4 7 25 17 24 14 17 19 10 10 9 10
36 28 26 25 27 24 21 5 0 5 7 29 22 27 19 21 23 7 5 5 5
33 28 26 25 26 24 19 4 5 0 3 29 21 27 18 21 23 12 11 6 10
35 31 28 28 29 27 22 7 7 3 0 32 24 30 21 24 26 14 12 5 11
16 3 3 4 3 5 10 25 29 29 32 0 8 5 11 9 6 28 30 34 32
18 7 4 4 5 3 4 17 22 21 24 8 0 7 3 2 2 21 23 26 25
21 2 5 4 6 6 11 24 27 27 30 5 7 0 10 7 5 25 27 32 29
20 10 8 7 8 6 3 14 19 18 21 11 3 10 0 3 5 19 21 23 22
20 7 6 4 6 4 5 17 21 21 24 9 2 7 3 0 2 20 22 25 23
19 5 4 2 4 3 6 19 23 23 26 6 2 5 5 2 0 22 24 27 26
38 26 25 24 26 24 21 10 7 12 14 28 21 25 19 20 22 0 3 11 5
39 29 28 26 28 26 23 10 5 11 12 30 23 27 21 22 24 3 0 9 2
39 32 30 30 31 29 24 9 5 6 5 34 26 32 23 25 27 11 9 0 7
40 30 29 28 30 28 24 10 5 10 11 32 25 29 22 23 26 5 2 7 0
