10 3
0 21 26 32 34 15 30 29 30 16 32 17 22 18 44 41 25 25 35 21 19
21 0 12 36 15 34 46 32 25 10 11 11 35 39 65 46 14 27 18 30 6
26 12 0 48 24 41 43 23 14 10 18 23 45 42 69 57 26 19 9 25 18
32 36 48 0 35 25 60 60 58 40 40 25 15 41 56 9 25 56 54 53 30
34 15 24 35 0 42 61 46 38 25 7 17 40 51 76 43 11 42 25 45 14
15 34 41 25 42 0 36 43 45 30 43 25 11 16 34 33 32 40 50 34 29
30 46 43 60 61 36 0 25 35 36 57 47 47 21 37 68 55 26 51 18 47
29 32 23 60 46 43 25 0 11 22 40 38 51 35 59 70 45 4 29 10 36
30 25 14 58 38 45 35 11 0 18 32 34 52 41 67 68 39 9 18 18 30
16 10 10 40 25 30 36 22 18 0 21 16 35 32 59 50 22 18 20 20 13
32 11 18 40 7 43 57 40 32 21 0 18 43 50 76 48 15 36 18 40 14
17 11 23 25 17 25 47 38 34 16 18 0 25 35 59 35 8 34 29 34 5
22 35 45 15 40 11 47 51 52 35 43 25 0 27 42 22 29 48 53 43 30
18 39 42 41 51 16 21 35 41 32 50 35 27 0 27 48 43 33 51 25 37
44 65 69 56 76 34 37 59 67 59 76 59 42 27 0 60 66 58 78 49 62
41 46 57 9 43 33 68 70 68 50 48 35 22 48 60 0 33 65 63 62 39
25 14 26 25 11 32 55 45 39 22 15 8 29 43 66 33 0 40 30 41 9
25 27 19 56 42 40 26 4 9 18 36 34 48 33 58 65 40 0 26 9 31
35 18 9 54 25 50 51 29 18 20 18 29 53 51 78 63 30 26 0 33 24
21 30 25 53 45 34 18 10 18 20 40 34 43 25 49 62 41 9 33 0 33
19 6 18 30 14 29 47 36 30 13 14 5 30 37 62 39 9 31 24 33 0
