10 3
0 38 31 36 33 35 39 32 34 35 39 19 40 36 39 10 37 40 34 38 48
38 0 10 7 12 14 11 47 48 45 51 19 5 7 3 29 9 47 52 54 70
31 10 0 5 4 7 9 37 38 34 40 12 10 5 10 23 6 37 42 43 60
36 7 5 0 5 7 5 41 42 38 44 17 5 0 5 28 2 40 46 47 64
33 12 4 5 0 3 6 36 36 33 38 15 10 5 11 27 5 35 41 42 59
35 14 7 7 3 0 5 35 36 32 37 18 11 7 12 29 6 34 40 41 58
39 11 9 5 6 5 0 40 41 36 42 21 7 5 9 32 3 38 45 46 63
32 47 37 41 36 35 40 0 2 7 8 34 46 41 47 36 41 11 5 7 23
34 48 38 42 36 36 41 2 0 6 6 35 47 42 47 38 41 9 5 6 22
35 45 34 38 33 32 36 7 6 0 6 34 43 38 43 38 37 5 11 10 27
39 51 40 44 38 37 42 8 6 6 0 40 48 44 49 43 43 5 9 6 22
19 19 12 17 15 18 21 34 35 34 40 0 21 17 20 11 18 38 38 41 56
40 5 10 5 10 11 7 46 47 43 48 21 0 5 2 32 5 45 51 52 69
36 7 5 0 5 7 5 41 42 38 44 17 5 0 5 28 2 40 46 47 64
39 3 10 5 11 12 9 47 47 43 49 20 2 5 0 31 6 46 51 53 69
10 29 23 28 27 29 32 36 38 38 43 11 32 28 31 0 30 43 39 43 55
37 9 6 2 5 6 3 41 41 37 43 18 5 2 6 30 0 39 46 47 64
40 47 37 40 35 34 38 11 9 5 5 38 45 40 46 43 39 0 14 11 27
34 52 42 46 41 40 45 5 5 11 9 38 51 46 51 39 46 14 0 5 18
38 54 43 47 42 41 46 7 6 10 6 41 52 47 53 43 47 11 5 0 17
48 70 60 64 59 58 63 23 22 27 22 56 69 64 69 55 64 27 18 17 0
