10 3
0 19 16 15 19 16 18 31 40 33 39 16 17 20 18 20 21 39 38 35 36
19 0 4 4 5 5 7 24 30 28 32 3 10 7 3 10 2 29 26 31 28
16 4 0 1 4 2 4 22 29 26 30 3 7 6 2 8 5 28 25 28 26
15 4 1 0 4 2 5 22 30 26 31 3 7 6 3 8 6 28 26 29 27
19 5 4 4 0 3 2 19 26 23 27 6 6 2 2 5 5 24 22 26 23
16 5 2 2 3 0 3 20 28 24 29 5 5 4 3 6 6 26 24 27 24
18 7 4 5 2 3 0 17 25 21 26 8 4 2 4 3 7 23 21 24 22
31 24 22 22 19 20 17 0 10 4 9 25 16 17 21 14 24 10 10 7 5
40 30 29 30 26 28 25 10 0 10 7 32 24 23 28 22 29 2 5 11 5
33 28 26 26 23 24 21 4 10 0 6 29 19 21 25 18 27 11 12 3 5
39 32 30 31 27 29 26 9 7 6 0 34 24 25 30 23 32 9 11 5 5
16 3 3 3 6 5 8 25 32 29 34 0 10 9 4 11 5 30 28 32 29
17 10 7 7 6 5 4 16 24 19 24 10 0 5 7 3 11 23 21 22 21
20 7 6 6 2 4 2 17 23 21 25 9 5 0 4 3 7 22 20 24 21
18 3 2 3 2 3 4 21 28 25 30 4 7 4 0 7 4 26 24 28 25
20 10 8 8 5 6 3 14 22 18 23 11 3 3 7 0 10 21 19 21 19
21 2 5 6 5 6 7 24 29 27 32 5 11 7 4 10 0 27 25 30 27
39 29 28 28 24 26 23 10 2 11 9 30 23 22 26 21 27 0 3 12 5
38 26 25 26 22 24 21 10 5 12 11 28 21 20 24 19 25 3 0 14 7
35 31 28 29 26 27 24 7 11 3 5 32 22 24 28 21 30 12 14 0 7
36 28 26 27 23 24 22 5 5 5 5 29 21 21 25 19 27 5 7 7 0
