10 3
0 19 15 19 16 18 17 31 40 33 39 16 16 21 20 18 20 35 39 38 36
19 0 4 5 5 7 10 24 30 28 32 3 4 2 7 3 10 31 29 26 28
15 4 0 4 2 5 7 22 30 26 31 3 1 6 6 3 8 29 28 26 27
19 5 4 0 3 2 6 19 26 23 27 6 4 5 2 2 5 26 24 22 23
16 5 2 3 0 3 5 20 28 24 29 5 2 6 4 3 6 27 26 24 24
18 7 5 2 3 0 4 17 25 21 26 8 4 7 2 4 3 24 23 21 22
17 10 7 6 5 4 0 16 24 19 24 10 7 11 5 7 3 22 23 21 21
31 24 22 19 20 17 16 0 10 4 9 25 22 24 17 21 14 7 10 10 5
40 30 30 26 28 25 24 10 0 10 7 32 29 29 23 28 22 11 2 5 5
33 28 26 23 24 21 19 4 10 0 6 29 26 27 21 25 18 3 11 12 5
39 32 31 27 29 26 24 9 7 6 0 34 30 32 25 30 23 5 9 11 5
16 3 3 6 5 8 10 25 32 29 34 0 3 5 9 4 11 32 30 28 29
16 4 1 4 2 4 7 22 29 26 30 3 0 5 6 2 8 28 28 25 26
21 2 6 5 6 7 11 24 29 27 32 5 5 0 7 4 10 30 27 25 27
20 7 6 2 4 2 5 17 23 21 25 9 6 7 0 4 3 24 22 20 21
18 3 3 2 3 4 7 21 28 25 30 4 2 4 4 0 7 28 26 24 25
20 10 8 5 6 3 3 14 22 18 23 11 8 10 3 7 0 21 21 19 19
35 31 29 26 27 24 22 7 11 3 5 32 28 30 24 28 21 0 12 14 7
39 29 28 24 26 23 23 10 2 11 9 30 28 27 22 26 21 12 0 3 5
38 26 26 22 24 21 21 10 5 12 11 28 25 25 20 24 19 14 3 0 7
36 28 27 23 24 22 21 5 5 5 5 29 26 27 21 25 19 7 5 7 0
