10 3
0 18 21 11 21 32 25 11 32 30 29 27 42 21 34 17 21 9 26 25 15
18 0 24 16 36 47 43 9 21 13 25 12 32 29 47 32 39 9 20 12 16
21 24 0 10 21 50 34 16 20 29 11 36 27 7 27 36 34 21 11 20 8
11 16 10 0 21 42 30 7 22 25 18 28 32 13 31 28 29 12 15 18 4
21 36 21 21 0 36 14 27 40 46 32 47 47 14 13 27 18 29 31 38 23
32 47 50 42 36 0 25 43 64 60 60 51 74 47 47 15 18 39 57 57 47
25 43 34 30 14 25 0 35 52 55 45 52 60 28 22 21 8 35 44 48 34
11 9 16 7 27 43 35 0 21 20 21 21 32 20 38 28 32 6 16 14 8
32 21 20 22 40 64 52 21 0 16 11 30 11 27 47 49 51 26 9 9 18
30 13 29 25 46 60 55 20 16 0 25 16 25 36 56 45 51 22 21 9 23
29 25 11 18 32 60 45 21 11 25 0 36 16 17 36 46 45 27 5 16 14
27 12 36 28 47 51 52 21 30 16 36 0 40 41 59 37 47 18 31 21 29
42 32 27 32 47 74 60 32 11 25 16 40 0 33 51 59 60 37 17 20 28
21 29 7 13 14 47 28 20 27 36 17 41 33 0 20 34 30 25 18 27 13
34 47 27 31 13 47 22 38 47 56 36 59 51 20 0 40 29 41 38 47 32
17 32 36 28 27 15 21 28 49 45 46 37 59 34 40 0 13 24 43 42 32
21 39 34 29 18 18 8 32 51 51 45 47 60 30 29 13 0 30 43 46 33
9 9 21 12 29 39 35 6 26 22 27 18 37 25 41 24 30 0 22 18 14
26 20 11 15 31 57 44 16 9 21 5 31 17 18 38 43 43 22 0 11 11
25 12 20 18 38 57 48 14 9 9 16 21 20 27 47 42 46 18 11 0 15
15 16 8 4 23 47 34 8 18 23 14 29 28 13 32 32 33 14 11 15 0
