10 3
0 31 36 40 39 34 32 35 39 40 40 25 41 38 39 42 13 27 12 20 38
31 0 5 10 9 38 33 34 40 37 68 47 44 7 10 56 42 58 32 14 66
36 5 0 5 5 42 37 38 44 40 73 51 45 2 5 61 48 63 36 19 71
40 10 5 0 7 47 42 43 48 45 78 54 45 3 2 66 52 67 40 22 76
39 9 5 7 0 41 36 36 42 38 75 56 50 5 9 60 50 66 40 23 73
34 38 42 47 41 0 5 6 6 9 45 59 71 44 47 20 33 50 45 40 44
32 33 37 42 36 5 0 3 8 8 49 58 68 39 42 25 34 52 43 36 47
35 34 38 43 36 6 3 0 6 5 51 61 70 40 43 25 37 54 46 38 50
39 40 44 48 42 6 8 6 0 5 50 65 76 46 49 22 39 56 50 44 49
40 37 40 45 38 9 8 5 5 0 55 66 75 42 46 27 42 59 51 42 53
40 68 73 78 75 45 49 51 50 55 0 51 76 75 78 34 27 24 49 59 2
25 47 51 54 56 59 58 61 65 66 51 0 27 52 52 65 30 27 16 33 49
41 44 45 45 50 71 68 70 76 75 76 27 0 45 43 83 51 54 29 33 74
38 7 2 3 5 44 39 40 46 42 75 52 45 0 4 63 50 65 38 20 73
39 10 5 2 9 47 42 43 49 46 78 52 43 4 0 66 52 66 38 21 76
42 56 61 66 60 20 25 25 22 27 34 65 83 63 66 0 35 48 54 55 33
13 42 48 52 50 33 34 37 39 42 27 30 51 50 52 35 0 18 22 33 25
27 58 63 67 66 50 52 54 56 59 24 27 54 65 66 48 18 0 30 46 23
12 32 36 40 40 45 43 46 50 51 49 16 29 38 38 54 22 30 0 18 47
20 14 19 22 23 40 36 38 44 42 59 33 33 20 21 55 33 46 18 0 57
38 66 71 76 73 44 47 50 49 53 2 49 74 73 76 33 25 23 47 57 0
