10 3
0 31 33 34 32 38 35 41 45 40 35 40 35 36 27 32 10 38 17 34 27
31 0 4 42 33 43 34 41 73 68 63 10 7 55 51 37 23 52 44 64 17
33 4 0 41 32 42 33 39 75 69 65 10 3 55 51 36 27 51 47 66 15
34 42 41 0 10 5 11 11 45 41 38 51 40 18 22 5 39 11 49 47 25
32 33 32 10 0 10 3 9 54 49 45 42 31 28 30 5 35 21 49 53 17
38 43 42 5 10 0 10 7 49 45 42 52 41 21 27 7 43 13 54 52 27
35 34 33 11 3 10 0 7 56 51 48 43 32 29 32 7 38 22 52 56 18
41 41 39 11 9 7 7 0 56 52 49 49 38 28 34 10 45 20 58 59 25
45 73 75 45 54 49 56 56 0 5 10 84 76 28 24 49 55 37 45 19 62
40 68 69 41 49 45 51 52 5 0 5 78 70 24 19 44 50 33 41 16 57
35 63 65 38 45 42 48 49 10 5 0 73 66 23 16 41 45 31 36 14 52
40 10 10 51 42 52 43 49 84 78 73 0 11 65 61 46 32 62 52 74 25
35 7 3 40 31 41 32 38 76 70 66 11 0 55 52 35 29 51 50 68 15
36 55 55 18 28 21 29 28 28 24 23 65 55 0 11 22 45 9 46 35 40
27 51 51 22 30 27 32 34 24 19 16 61 52 11 0 25 36 18 35 25 38
32 37 36 5 5 7 7 10 49 44 41 46 35 22 25 0 36 16 48 49 21
10 23 27 39 35 43 38 45 55 50 45 32 29 45 36 36 0 46 21 43 25
38 52 51 11 21 13 22 20 37 33 31 62 51 9 18 16 46 0 51 43 36
17 44 47 49 49 54 52 58 45 41 36 52 50 46 35 48 21 51 0 28 44
34 64 66 47 53 52 56 59 19 16 14 74 68 35 25 49 43 43 28 0 57
27 17 15 25 17 27 18 25 62 57 52 25 15 40 38 21 25 36 44 57 0
